2013-11-18 17:00:49,40944617385198292,1,0,0,46748392,104622301,209,0,2,0.0,0.0,0.0,8.057257902240654E-4,0.0,8905236,24087396,2,34,B=10&H=http%3A%2F%2Fmaktoob.yahoo.com%2F&M=4&P=%24%7bRS%7d%7cPIYddk3uv0b165D0T6OHMg6lJezvAVKKR74ABj6L%7c2142947267%7cFPAD%7c1384794046.644274&S=111350532&T=3&Z=300x250&_salt=72825751&cb=1384794046.644274&i=1103662&r=0&u=http%3A%2F%2Fmaktoob.yahoo.com%2F&y,0,0.0001500000,M,27,14,2,ar en,0,61,0,0,0.1500000000,,0,0,5.575013638183607,CPM,,,1,0,56055276,,0,0,0,0,0,0,1752551,,1818048,2344758,0,0,
2013-11-18 17:00:49,81834798950305879,1,0,0,56748392,105781920,532,0,10,0.11576292434953783,0.0,0.0,0.10380768097119793,0.0,7903911,23151610,2,27,B=10&H=http%3A%2F%2Fl.yimg.com%2Frq%2Fdarla%2F2-5-7%2Fhtml%2Fr-sf.html&M=3&P=%24%7BRS%7D%7CMtVDarx9RU0q1C8PT_QLPiHJVoipXVKKR78ACCRs%7C978550271%7CSKY%7C1384794047.720379&S=110722532&T=3&Z=160x600%2c120x600&_cbv=3707501068&_exv=8jDbfWowk8CRv7t4fAg8gGBLPHWk,0,0.0033049958,M,40,210,23,en,0,67,0,0,3.3049958085,2.4154590000,0,0,115.12586758620522,CPM,0.0,Dynamic,1,0,26787417,,0,0,0,0,0,0,1752551,,1818044,2001176,0,0,
2013-11-18 17:00:49,207105840071674838,1,0,0,46748392,105192876,349,0,2,0.002072666437953309,0.0,0.0,0.0036265946557359333,0.0,7900787,23138624,2,27,B=10&H=http%3A%2F%2Fl.yimg.com%2Frq%2Fdarla%2F2-6-9%2Fhtml%2Fr-sf.html&M=4&P=%24%7bRS%7d%7cFxY_xzE4OC6XScQrUopG_wGGODguMlKKR8H_p5kI%7c1185560699%7cLREC%7c1384794049.163271&S=112662032&T=3&Z=300x250&_salt=251322485&cb=1384794049.163271&i=154890&r=0&u=http%,0,0.0001365274,U,0,0,0,es,0,10,0,0,0.1500000000,0.1300260900,0,0,2.6788462859602036,Dynamic,790.439429526379,CPA,1,0,20079496,,0,0,0,1,0,0,1752551,,1818044,2001176,0,0,
2013-11-18 17:00:49,435165241403410698,1,0,0,46748392,101228334,330,0,2,0.0,0.0,0.0,0.0,0.0,7898581,23138386,2,34,B=10&H=http%3A%2F%2Fl.yimg.com%2Frq%2Fdarla%2F2-5-7%2Fhtml%2Fr-sf.html&M=3&P=%24%7bRS%7d%7c85PQ5Lx9RU2nP9zdUGsMEiFJ1SEO2VKKR8EABqHY%7c978534252%7cLREC%7c1384794049.481241&S=112857032&T=3&Z=300x250&_salt=188923700&cb=1384794049.481241&i=154652&r=0&u=http%3,0,0.0000000000,F,22,9,9,de en,0,576,0,0,1.0653938980,0.3166161500,0,0,33.95782243980801,CPC,9.78419204738612,CPM,1,1,12814970,,0,0,0,0,0,0,1752551,,1818047,2344758,0,0,
2013-11-18 17:00:49,773957029393966885,1,0,0,46748392,105717602,1018,0,10,0.0,0.0,0.0,0.0011947606372313384,0.0,7904865,24134249,1,34,B=10&H=http%3A%2F%2Fl.yimg.com%2Frq%2Fdarla%2F2-5-7%2Fhtml%2Fr-sf.html&M=3&P=%24%7bRS%7d%7cAUHtGrx9RU37MVLJT.NTYBMd1eln3VKKR8AACuUv%7c978620163%7cSKY%7c1384794048.756453&S=112343532&T=3&Z=160x600%2c120x600&_cbv=2405027425&_exv=_x54vjlnld91v1O.G3YSBq8Q4u2h,0,0.0000400000,M,57,11,12,ro en,0,3,0,0,0.0400000000,0.0300000000,0,0,0.8603738950482698,CPM,0.9512610367572656,CPM,1,0,56605407,,0,0,0,0,0,0,1752551,1817908,1818048,2344758,0,0,
2013-11-18 17:00:49,796583456149958651,1,0,0,56748392,82273612,173,0,10,0.0,0.0,0.0,0.01296715333594312,0.0,8119382,24124681,1,20,B=12&H=http%3A%2F%2Fl.yimg.com%2Frq%2Fdarla%2F2-5-7%2Fhtml%2Fr-sf.html&M=4&P=%24%7bRS%7d%7cYl1itGKKH1xZVgIIUm4e3ScVKctFBFKKR7wAAg2n%7c978500077%7cSKY%7c1384794044.175391&S=2355339051&T=3&Z=160x600%2c120x600&_cbv=602685185&_exv=xwYIbW43lsDJn4hRgbEXEIE69Rrf,0,0,F,17,0,1,en,0,8,0,0,0.9800000000,0.2500000000,0,0,8.875021557433001,Dynamic,5.726825250472439,CPM,1,0,56058819,,0,0,0,0,0,0,1752551,,1818048,2344759,0,0,
2013-11-18 17:00:49,-150724057220472211,1,0,0,56748392,105078044,222,0,2,0.0,0.0,0.0,0.0,0.0,8620035,24228346,2,20,B=10&H=http%3A%2F%2Fl.yimg.com%2Frq%2Fdarla%2F2-5-7%2Fhtml%2Fr-sf.html&M=3&P=guid%3aVOaKP0LaSq7u9GJkUopFQxoDsM3MtFKKR8AACWhm%3bspid%3a978500093%3bypos%3aLREC%7cCH.rBAAAAAAqLOkqjGiCJUKYsM3MtFKKR8EABaes%7c1197658235%7cLREC%7c1384794049.409251&S=171521032&T=,0,0.0000000000,M,33,0,15,en,0,13,0,0,1.0569952428,1.0233180423,0,0,25.81622298902173,CPC,40.29030110274279,CPC,1,0,1940119,,0,0,0,0,0,0,1752551,,2001168,2344759,0,0,
2013-11-18 17:00:49,-244394445937784358,1,0,0,56748392,82273612,433,0,248,0.0,0.0,0.0,0.0,0.0,4506386,23333351,2,48,Z=1x1&s=676897&T=3&_salt=1331780290&B=10&H=http%3A%2F%2Fuk.yahoo.com%2F&u=http%3A%2F%2Fuk.yahoo.com%2F&M=4&r=0,0,0,U,0,0,0,en,0,51,0,0,,,0,0,,CPM,,,1,0,14979,,0,0,1,0,0,0,1752551,1817858,1818047,2001173,0,0,
2013-11-18 17:00:49,-267034894316436107,1,0,0,56748392,105902319,198,0,10,0.0,0.0,0.0,0.0,0.0,8119382,24124681,2,34,B=10&H=http%3A%2F%2Fl.yimg.com%2Frq%2Fdarla%2F2-5-7%2Fhtml%2Fr-sf.html&M=4&P=%24%7bRS%7d%7cu289rGKL1a4zgJ.YUSCECwpRWXgUc1KKR8EABW2K%7c978500163%7cSKY%7c1384794049.434701&S=2355339051&T=3&Z=160x600%2c120x600&_salt=1748523733&cb=1384794049.434701&i=1140947&,0,0.0000000000,F,37,0,0,en ro,0,421,0,0,0.2206638688,0.1650844293,0,0,6.8956804704662495,CPC,1.919727342913294,CPC,0,0,,,0,0,0,1,0,0,,,,,0,0,
2013-11-18 17:00:49,-327048399214326509,1,0,0,46748392,103961694,600,0,6,0.00625323740655471,0.0,0.0,0.011558850228930493,0.0,7903947,23183120,3,20,B=10&H=http%3A%2F%2Fuk.movies.yahoo.com%2Fvideo%2Fjennifer-lawrence-quizzes-hunger-games-161642231.html&M=4&P=%24%7bRS%7d%7cfDQIDjE4OC7ahezUUonvjgCuMTAuMlKKR8H_o664%7c97129514%7cN%7c1384794049.448540&S=112273532&T=3&Z=728x90&_salt=2867518864&cb=1384794049,0,0.0004315594,M,19,0,1,en,0,20,0,0,0.4315594380,0.4110089886,0,0,16.03978977729428,CPM,7.7049011194530035,CPM,1,1,26353769,,0,0,0,0,0,0,1752551,,2001168,2344759,0,0,
2013-11-18 17:00:49,-357738020985699973,1,0,0,46748392,82273612,123,0,10,0.0,0.0,0.0,0.0,0.0,7903911,23151610,2,35,B=10&H=http%3A%2F%2Fl.yimg.com%2Frq%2Fdarla%2F2-5-7%2Fhtml%2Fr-sf.html&M=3&P=%24%7bRS%7d%7cw04V4Lx9RU1DM9cbUjHWsxZwxfuPAlKKR8EAA8C9%7c978550093%7cSKY%7c1384794049.291830&S=110722532&T=3&Z=160x600%2c120x600&_salt=1048724174&bkid=868220928&cb=1384794049.291,0,0,M,38,0,92,en,0,51,0,0,,,0,0,,CPM,,,1,0,1326075,,0,0,1,0,0,0,1752551,,1818047,1818086,0,0,
2013-11-18 17:00:49,-388568617092006049,1,0,0,46748392,104622301,911,0,6,0.051535733065428004,0.0,0.0,0.07513713717844944,0.0,7901192,23151236,2,20,B=10&H=http%3A%2F%2Ffr.news.yahoo.com%2Fun-homme-bless%25C3%25A9-par-balles-dans-le-hall-095035619.html%3Fvp%3D1&M=4&P=%24%7bRS%7d%7cE5ikFDE4OC7J2DeGT7H1uQFbMjE3LlKKR8D_hflI%7c2143911469%7cN%7c1384794048.800349&S=113142032&T=3&Z=728x90&_salt=525619316&cb=,0,0.0025934723,M,36,4,5,fr en,0,421,0,0,2.5934722543,0.4960454644,0,0,12.664685484498547,CPM,18.2518072943887,CPM,1,1,12727485,,0,0,0,0,0,0,1752551,,1818048,2344759,0,0,
2013-11-18 17:00:49,-524099915954985086,1,0,0,46748392,99810989,123,0,2,0.0,0.0,0.0,0.0,0.0,7903920,23151610,2,34,B=10&H=http%3A%2F%2Fl.yimg.com%2Frq%2Fdarla%2F2-5-7%2Fhtml%2Fr-sf.html&M=3&P=%24%7bRS%7d%7cDl4Pbbx9RU0.uHx6Uhvf1g7hKULh2FKKR70AAWmu%7c978550163%7cLREC%7c1384794045.136145&S=110717532&T=3&Z=300x250&_cbv=2427815786&_exv=GPESeSsxi8nU1BAI_2b1MN48MUB.5O_pvpS87,0,0.0000000000,F,42,166,53,en,0,424,0,0,0.0000000000,,0,0,0.0,CPM,,,1,0,1326075,,0,0,0,1,0,0,1752551,,2001168,2344758,0,0,
2013-11-18 17:00:49,-569748606382274882,1,0,0,46748392,105723683,911,0,1,0.0,0.0,0.0,0.0,0.0,6492153,23701835,2,20,B=10&H=http%3A%2F%2Falt.mail.aol.com%2F38203-112%2Faol-6%2Ffr-fr%2Fcommon%2FAdServer.aspx%3Fname%3Dsidepanel%26screen%3Dlarge&M=4&P=%24%7bRS%7d%7cCH.rBAAAAACZGriqwIKYngaUW8.wxlKKR8EACi.z%7c2143137305%7cSKY%7c1384794049.695007&S=fraolmpo_SKY_Top&T=3&Z=160x,0,0.0000000000,M,41,0,4,fr en,0,16,0,0,0.4934974098,0.4654767990,0,0,37.47836215939387,CPC,5.80956475697238,CPC,1,0,12727257,,0,0,0,0,0,0,1752551,,1818048,2344759,0,0,
2013-11-18 17:00:49,-624441409909881776,1,0,0,46748392,105192876,349,0,2,0.002246401925640213,0.0,0.0,1.559330895937182E-4,0.0,7951833,23852755,2,48,B=10&H=http%3A%2F%2Fl.yimg.com%2Frq%2Fdarla%2F2-6-9%2Fhtml%2Fr-sf.html&M=4&P=%24%7bRS%7d%7cs2nAsTE4OC4iaWZHUlQyeQFwNDYuMlKKR8D_khb4%7c2146249518%7cLREC2%7c1384794048.878258&S=122063532&T=3&Z=300x250&_cbv=1404917150&_exv=xpkS82Ewy90uXNbD4XwbwU7CR3cNa4G4U8F,0,0.0001500000,F,59,3,5,es,0,10,0,0,0.1500000000,0.1445183437,0,0,7.140187888842902,Dynamic,0.25717445225580016,CPC,1,0,20079496,,0,0,0,1,0,0,1752551,,1818047,2001173,0,0,
2013-11-18 17:00:49,-744824338123832836,1,0,0,46748392,104622301,349,0,1,0.0,0.0,0.0,0.0,0.0,7773124,24480640,2,34,B=10&H=https%3A%2F%2Fs.yimg.com%2Frq%2Fdarla%2F2-5-7%2Fhtml%2Fr-sf.html&M=3&P=%24%7bRS%7d%7c3u8HsGKKH1zj5FOlUk0WSxEJ1KPPM1KKR8EABHSQ%7c978520302%7cSKY%7c1384794049.332459&S=103689032&T=3&Z=160x600%2c120x600&_salt=1760994605&cb=1384794049.332459&i=1496906&,0,0.0000000000,M,35,30,48,en,0,14,0,0,0.1703839635,0.1553466655,0,0,2.396766278947041,CPC,202.16070353778596,CPA,1,0,20079496,,0,0,0,0,0,0,1752551,,1818047,2344758,0,0,
2013-11-18 17:00:49,-773139485735323752,1,0,0,46748392,82273612,915,0,10,0.02245534122186352,0.0,0.0,0.002745160173489458,0.0,7901189,23151252,2,20,B=10&H=http%3A%2F%2Fl.yimg.com%2Frq%2Fdarla%2F2-5-7%2Fhtml%2Fr-sf.html&M=3&P=%24%7bRS%7d%7cxvC1v7x9RU0FGARoUK3oxRczbdYZ41KKR8EAB8dc%7c978524095%7cSKY%7c1384794049.544865&S=113026532&T=3&Z=160x600%2c120x600&_salt=3298503974&cb=1384794049.544865&i=167518&r=,0,0,F,43,0,23,fr en,0,3,0,0,1.8600000000,0.8113590000,0,2,0.0,Dynamic,0.0,Dynamic,1,0,12724329,,0,0,0,0,0,0,1752551,,1818047,2344759,0,0,
2013-11-18 17:00:49,-910131684734371409,1,0,0,46748392,82273612,917,0,10,0.020467161419200203,0.0,0.0,0.03489991326028501,0.0,7901189,23151252,2,48,B=10&H=http%3A%2F%2Fl.yimg.com%2Frq%2Fdarla%2F2-5-7%2Fhtml%2Fr-sf.html&M=3&P=%24%7bRS%7d%7cMTc8g7x9RU2LT2gAUoo3Qh5QAggd2FKKR8EAAhp0%7c978524093%7cSKY%7c1384794049.172813&S=113026532&T=3&Z=160x600%2c120x600&_salt=4068295340&cb=1384794049.172813&i=167518&r=,0,0,F,35,0,13,fr,0,3,0,0,1.4450910000,0.7967840526,0,2,0.0,Dynamic,6.585009836104782,CPC,1,0,12725056,,0,0,0,0,0,0,1752551,,1818047,2001173,0,0,
2013-11-18 17:00:49,1024077749187415080,1,0,0,57,102577196,401,0,248,0.0,0.0,0.0,0.0,0.0,8110734,24537948,2,48,Z=1x1&s=4281245&i=1554214&T=3&_salt=846482714&B=10&H=http%3A%2F%2Fdelivery.adstheaa.com%2Fadserver%2Fwww%2Fdelivery%2Fafr.php%3Fzoneid%3D146%26cb%3D80142013682%26target%3D_blank%26refresh%3D120%26_t%3D1923%26_i%3D146%26_r%3D281665960%26loc%3Dhttp%25253A%2,0,0.0000000000,U,0,74,4,en,0,10,0,0,0.0000000000,,0,0,0.0,CPM,,,1,0,26353719,,0,0,0,1,0,0,1752551,1817856,1818047,2001173,0,0,
2013-11-18 17:00:49,1179319837462247513,1,0,0,57,82273612,935,0,2,0.02429417134935222,0.0,0.0,0.02126479300495208,0.0,7898581,23138386,1,48,B=10&H=http%3A%2F%2Fl.yimg.com%2Frq%2Fdarla%2F2-5-7%2Fhtml%2Fr-sf.html&M=3&P=%24%7bRS%7d%7ce7E02Lx9RU3UhcXgUokn6gV3ly0uDVKKR8AAAKxq%7c978534163%7cLREC%7c1384794048.90339&S=112857032&T=3&Z=300x250&_salt=2606337878&cb=1384794048.90339&i=154652&r=0&u=http%3A,0,0,F,37,0,9,it,0,414,0,0,0.6747999787,0.6599138912,0,0,24.299316394175865,CPM,4.143494481803329,CPM,1,0,12846971,,0,0,0,0,0,0,1752551,,2001168,2001173,0,0,
2013-11-18 17:00:49,1230626818749872830,1,0,0,57,101722685,401,0,1,0.0,0.0,0.0,0.0,0.0,7903915,23183120,2,26,B=10&H=http%3A%2F%2Fl.yimg.com%2Frq%2Fdarla%2F2-5-7%2Fhtml%2Fr-sf.html&M=3&P=%24%7bRS%7d%7c8R24qC7kJ8GhWA_EUgIMjhXnVrJj0FKKR8EABxXM%7c978552252%7cSKY%7c1384794049.499842&S=112217532&T=3&Z=160x600%2c120x600&_salt=1679496433&cb=1384794049.499842&i=199386&r=,0,0.0000000000,M,64,1,74,en,0,49,0,0,0.0282823632,0.0260838576,0,0,59.9860859248483,CPA,639.2505424676524,CPA,1,0,26344407,,0,0,0,0,0,0,1752551,,1818044,2344759,0,0,
2013-11-18 17:00:49,1273910967335135306,1,0,0,57,103890355,526,0,10,0.0012194220385434336,0.0,0.0,0.020758207757573484,0.0,8234123,24532033,2,48,B=10&H=http%3A%2F%2Fl.yimg.com%2Frq%2Fdarla%2F2-5-7%2Fhtml%2Fr-sf.html&M=3&P=%24%7bRS%7d%7c9_.BIrx9RU2QPxutUopGmRToXgBJklKKR8EAAdjX%7c978553163%7cSKY%7c1384794049.156400&S=154913032&T=3&Z=160x600%2c120x600&_salt=3244656720&cb=1384794049.156400&i=1548299&r,0,0.0004521099,M,53,0,6,en,0,15,0,0,0.4521098875,0.3653950499,0,0,8.622190686899291,CPM,3.199896365946229,CPM,1,0,14696,,0,0,0,0,0,0,1752551,1817856,2001168,2001173,0,0,
2013-11-18 17:00:49,1324791166349093416,1,0,0,57,105857685,215,0,10,0.012447697233601878,0.0,0.0,0.050900755294536845,0.0,8529400,24228346,1,48,B=10&H=http%3A%2F%2Fl.yimg.com%2Frq%2Fdarla%2F2-5-7%2Fhtml%2Fr-sf.html&M=3&P=guid%3aw0EHBGKKH1zWHPTtUj8IUAVdBWxjplKKR78ACNh_%3bspid%3a978500077%3bypos%3aSKY%7cGQk3zgAAAAAW9c4fK33jhg1ABWxjplKKR8AABAJL%7c1197658235%7cSKY%7c1384794048.293666&S=171520032&T=3&,0,0.0015000000,M,25,3,57,ar,0,590,0,0,1.5000000000,0.8456736978,0,0,16.639965152061954,CPM,29.55179749370988,CPC,1,1,1939753,,0,0,0,0,0,0,1752551,,1818047,2001173,0,0,
2013-11-18 17:00:49,1633546479168098865,1,0,0,57,105080649,400,0,6,0.007284613544174488,0.0,0.0,0.008395643981222431,0.0,8529403,23160212,2,10,B=12&H=http%3A%2F%2Fanswers.yahoo.com%2Fsdarla%2F2-5-7%2Fhtml%2Fr-fif.html&M=4&P=guid%3aXy1juzY4LjHZRxjzUopHtRwCOTQuMQAAAAB9ALQL%3bspid%3a2115300219%3bypos%3aLDRB%7cWy9q9AAAAADsTH1.wFKUu9K5XgGHUFKKR7wAAu5N%7c1351212200%7cN%7c1384794044.219052&S=165750032&,0,0.0002000000,U,0,0,0,en,0,10,0,0,0.2000000000,0.1851076944,0,0,5.759238934889898,CPM,2.35778658586099,CPA,3,0,26349545,,1,0,0,1,0,0,1817817,1817856,2390988,2252758,0,0,
2013-11-18 17:00:49,1663895961482909804,1,0,0,57,103765252,499,0,10,0.07099238497197405,0.0,0.0,0.00527145976926191,0.0,7903906,23183120,2,27,B=10&H=http%3A%2F%2Fl.yimg.com%2Frq%2Fdarla%2F2-5-7%2Fhtml%2Fr-sf.html&M=3&P=%24%7bRS%7d%7cZEF6bC7kJ8F8D0KnUlbgihWXuSBuK1KKR8EABRAt%7c978552093%7cSKY%7c1384794049.388531&S=112200032&T=3&Z=160x600%2c120x600&_salt=1363078054&cb=1384794049.388531&i=199386&r=,0,0.0015134802,M,44,0,15,en,0,440,0,0,1.5134801581,0.4521098875,0,0,74.4937582811775,CPM,0.24707834815686405,CPM,1,0,26349620,,0,0,0,0,0,0,1752551,,1818044,2001176,0,0,
2013-11-18 17:00:49,1741457657753650458,1,0,0,57,82273612,191,0,10,0.0,0.0,0.0,0.0,0.0,7904848,24286643,2,34,B=10&H=http%3A%2F%2Fl.yimg.com%2Frq%2Fdarla%2F2-5-7%2Fhtml%2Fr-sf.html&M=3&P=%24%7bRS%7d%7cf7F0Ybx9RU0QQwcGUojpYA3hVmxVVFKKR8AADYHe%7c978698278%7cSKY%7c1384794048.929736&S=111502532&T=3&Z=160x600%2c120x600&_salt=4253770691&cb=1384794048.929736&i=1302909&r,0,0,F,25,0,13,en,0,51,0,0,,,0,0,,CPM,,,1,0,1968902,,0,0,1,0,0,0,1752551,,1818047,2344758,0,0,